00000000101000000000001010010011
00000000011100000000001100010011
00000000001000000000001110010011
00000000001100000000010000010011
11111111111000000000010100010011
11111111110100000000010110010011
00000010011100101000011000110011
00000010101001000000011010110011
00000010101001000001011100110011
00000010100101001001011110110011
00011000011010100000100000110111
00000011000010000001100010110011
00000010101000110010100100110011
00000010101101010011100110110011
00000010011100110100101000110011
00000010101000110100101010110011
00000010101101010101101100110011
00000010011100110110101110110011
00000010011101011110110000110011
00000010011101011111110010110011