00000000
10100000
00000010
10010011

00000000
01110000
00000011
00010011

00000000
00100000
00000011
10010011

00000000
00110000
00000100
00010011

11111111
11100000
00000101
00010011

11111111
11010000
00000101
10010011

00000010
01110010
10000110
00110011

00000010
10100100
00000110
10110011

00000010
10100100
00010111
00110011

00000010
10010100
10010111
10110011

00011000
01101010
00001000
00110111

00000011
00001000
00011000
10110011

00000010
10100011
00101001
00110011

00000010
10110101
00111001
10110011

00000010
01110011
01001010
00110011

00000010
10100011
01001010
10110011

00000010
10110101
01011011
00110011

00000010
01110011
01101011
10110011

00000010
01110101
11101100
00110011

00000010
01110101
11111100
10110011
