00000000000100000000001010010011
11111111111100000000001100010011
00000000010100000000001110010011
01111101000100000000010000010011
01000000000000000000010010010011
00000000100001001000000000100011
00000000011101001000001000100011
00000000100001001001010000100011
00000000100001001010011000100011
00000000011001001010100000100011
00000000000001001000010100000011
00000000100001001000010110000011
00000000110001001001011000000011
00000001000001001001011010000011
00000000110001001010011100000011
00000001000001001010011110000011
00000000100001001100100000000011
00000000100001001101100010000011