00000000
00000000
00010000
10110111

00000000
00000000
00000001
00010111

00000000
00010000
00000010
10010011

11111111
11110000
00000011
00010011

00000000
00110000
00000011
10010011

00000000
00000000
00000100
00010011

00000000
01110100
00000110
01100011

00000000
01010100
00000100
00110011

11111111
10011111
11110000
11101111

00000000
01100010
10010110
01100011

00000000
00010000
00000100
10010011

00000000
10000000
00000000
11101111

00000000
00100000
00000100
10010011

00000000
01100010
11010110
01100011

00000000
00010000
00000101
00010011

00000000
10000000
00000000
11101111

00000000
00100000
00000101
00010011

00000000
01100010
11000110
01100011

00000000
00010000
00000101
10010011

00000000
10000000
00000000
11101111

00000000
00100000
00000101
10010011

00000000
01100010
11110110
01100011

00000000
00010000
00000110
00010011

00000000
10000000
00000000
11101111

00000000
00100000
00000110
00010011

00000000
01100010
11100110
01100011

00000000
00010000
00000110
10010011

00000000
10000000
00000000
11101111

00000000
00100000
00000110
10010011

00000111
10000000
00000111
00010011

00000000
10000111
00000111
11100111

00000000
00010000
00001000
00010011

00000000
00101000
00001000
00010011
