00000000000000000001000010110111
00000000000000000000000100010111
00000000000100000000001010010011
11111111111100000000001100010011
00000000001100000000001110010011
00000000000000000000010000010011
00000000011101000000011001100011
00000000010101000000010000110011
11111111100111111111000011101111
00000000011000101001011001100011
00000000000100000000010010010011
00000000100000000000000011101111
00000000001000000000010010010011
00000000011000101101011001100011
00000000000100000000010100010011
00000000100000000000000011101111
00000000001000000000010100010011
00000000011000101100011001100011
00000000000100000000010110010011
00000000100000000000000011101111
00000000001000000000010110010011
00000000011000101111011001100011
00000000000100000000011000010011
00000000100000000000000011101111
00000000001000000000011000010011
00000000011000101110011001100011
00000000000100000000011010010011
00000000100000000000000011101111
00000000001000000000011010010011
00000111100000000000011100010011
00000000100001110000011111100111
00000000000100000000100000010011
00000000001010000000100000010011